Run semi-empirical minimization
 &qmmm
    qm_theory='AM1', grms_tol=0.0005,
  scfconv=1.d-10,   qmcharge=0,
 /
   1     H        1.4980        0.1660        2.0740 
   6     C        0.9550        0.0920        1.1350 
   6    C1        1.6530        0.0100       -0.0690 
   1    H1        2.7410        0.0200       -0.0690 
   6    C2        0.9570       -0.0850       -1.2730 
   1    H2        1.5000       -0.1490       -2.2120 
   6    C3       -0.4370       -0.0980       -1.2730 
   1    H3       -0.9780       -0.1720       -2.2140 
   6    C4       -1.1360       -0.0150       -0.0690 
   6    C5       -0.4390        0.0800        1.1350 
   1    H4       -0.9780        0.1440        2.0780 
   8     O       -2.4990       -0.0280       -0.0760 
   1    H5       -2.8370        0.0360        0.8350 

